function [m,l] = params()

m = [0.035+0.159;0.079;0.29;0.344;0.29;0.079;0.159+0.035];
l = [0.032 0.111 0.111 0.085 0.111 0.111 0.032];